>MA0062.1	GABPA
A [ 1.5145731728297582 -0.8073549220576042 -0.8073549220576042 -inf -inf 2.0 2.0 -inf 0.777607578663552 -inf ]
C [ -0.8073549220576042 1.5145731728297582 1.777607578663552 -inf -inf -inf -inf -inf -0.8073549220576042 0.19264507794239583 ]
G [ -0.8073549220576042 -0.8073549220576042 -inf 2.0 2.0 -inf -inf 2.0 -0.8073549220576042 1.1926450779423958 ]
T [ -inf -inf -inf -inf -inf -inf -inf -inf 0.19264507794239583 -0.8073549220576042 ]
>MA0080.1	SPI1
A [ -0.025535092107137648 -1.8328900141647417 -2.2479275134435857 1.9744649078928624 1.9744649078928624 -2.2479275134435857 ]
C [ 0.5594274086140185 -2.8328900141647417 -inf -3.8328900141647417 -inf 0.3370349872775706 ]
G [ 0.41503749927884376 1.7520724865564143 1.8675497039763505 -inf -inf 1.2545728270855976 ]
T [ -2.2479275134435857 -2.2479275134435857 -2.8328900141647417 -inf -3.8328900141647417 -2.8328900141647417 ]
>MA0081.1	SPIB
A [ 1.339486466271667 -1.6147098441152083 0.970252656605948 -2.6147098441152083 -3.6147098441152083 1.970252656605948 1.939879007562429 ]
C [ -inf 0.19264507794239583 0.38529015588479165 -inf -inf -inf -inf ]
G [ -inf 1.243271151012364 -0.8073549220576042 1.939879007562429 1.939879007562429 -inf -inf ]
T [ 0.5552151573271042 -2.6147098441152083 -2.6147098441152083 -inf -3.6147098441152083 -3.6147098441152083 -2.6147098441152083 ]
>MA0098.1	ETS1
A [ -1.3219280948873622 0.765534746362977 -inf -inf -inf -1.0 ]
C [ 0.6780719051126377 -inf -3.321928094887362 1.9634741239748859 1.9634741239748859 -1.7369655941662063 ]
G [ -1.3219280948873622 -inf -inf -3.321928094887362 -inf 0.765534746362977 ]
T [ 0.6780719051126377 1.2016338611696504 1.9634741239748859 -inf -3.321928094887362 0.5849625007211562 ]
>MA0149.1	EWSR1-FLI1
A [ -inf -3.7142455176661224 1.9861942004749695 1.9861942004749695 -4.714245517666122 -3.7142455176661224 1.9722550095170956 1.958179824305373 -inf -inf 1.915111102413487 2.0 -inf -inf 1.929610672108602 1.958179824305373 -2.3923174227787602 -3.1292830169449664 ]
C [ -inf -inf -inf -inf -inf -inf -inf -inf -inf -3.7142455176661224 -2.7142455176661224 -inf -inf -3.7142455176661224 -3.1292830169449664 -inf -inf -3.1292830169449664 ]
G [ 2.0 1.9722550095170956 -4.714245517666122 -4.714245517666122 1.9861942004749695 1.958179824305373 -3.7142455176661224 -3.1292830169449664 1.9861942004749695 1.9722550095170956 -3.7142455176661224 -inf 2.0 1.9722550095170956 -inf -3.7142455176661224 1.8856673245210052 1.8856673245210052 ]
T [ -inf -inf -inf -inf -inf -4.714245517666122 -inf -inf -4.714245517666122 -inf -inf -inf -inf -inf -3.7142455176661224 -4.714245517666122 -3.1292830169449664 -3.7142455176661224 ]
>MA0062.2	Gabpa
A [ -2.949826710759111 -1.8205436938141444 -inf -inf 1.9970913396581145 1.994176803230737 -1.3996074587092378 -2.145386325128884 -0.6844981742720706 0.09310940439148145 -0.0870985703126918 ]
C [ 1.6351357899620453 1.8862236442989588 -inf -inf -7.9556499075283735 -6.9556499075283735 -2.9541963103868754 0.07516474938339637 -0.8532526320064452 0.08213828657047823 0.5284955490621277 ]
G [ -0.3952378590814735 -5.949826710759111 1.9985434677804839 2.0 -7.9556499075283735 -inf 1.8040269043398496 -2.743287881557538 1.284729476933113 0.7456828112673151 -0.14392979290936778 ]
T [ -7.949826710759111 -7.949826710759111 -7.952741247186488 -inf -inf -6.9556499075283735 -inf 1.362408315069812 -1.3663222142458158 -2.3365748708517637 -0.49185309632967467 ]
>MA0080.2	SPI1
A [ 1.6520766965796931 -1.3923174227787605 -1.3923174227787605 2.0 1.9652345818393233 -1.070389327891398 -1.8073549220576042 ]
C [ -1.8073549220576042 -inf -inf -inf -inf -1.8073549220576042 -1.070389327891398 ]
G [ -0.8073549220576042 1.8171359428501894 1.8556100906648252 -inf -3.3923174227787602 1.6520766965796931 -2.3923174227787602 ]
T [ -inf -3.3923174227787602 -inf -inf -inf -3.3923174227787602 1.6076825772212395 ]
>MA0475.1	FLI1
A [ 0.9972433824597389 -1.6358134064624623 1.564756912424678 -inf -inf 2.0 1.9409751628129936 -0.5642601454374283 -3.270528942380718 -0.10906551968660173 0.1454573862916747 ]
C [ -2.16090445120622 1.6185346562559262 0.05897237221144522 -inf -inf -inf -inf -inf 0.1268417081243277 -1.6115658602157852 -0.9886355092956082 ]
G [ 0.6434312265525904 -0.7188510333716343 -inf 2.0 2.0 -inf -inf 1.7327892339748197 -1.6115658602157852 1.2162531644015346 1.0322903295589396 ]
T [ -2.196528360936941 -inf -inf -inf -inf -inf -2.6407122058753014 -inf 1.308727439995222 -1.2441947945672556 -1.536603802534563 ]
>MA0098.2	Ets1
A [ -0.11573468062056382 -1.6873696496947275 -0.8283597504173594 1.3360692632701008 -inf -0.5053349659744204 -inf -inf -inf -inf -inf -2.8449109266812074 -1.6774541808296448 -0.6098908970170103 -0.8174301902591005 ]
C [ 0.5164255527643903 1.3126303503052725 1.088371167818712 -1.9969140201262574 1.6901849618881621 -inf -inf 2.0 2.0 -inf -0.5053349659744204 0.31014079827957475 0.5378627234266821 0.21487030164420978 0.42963746716962725 ]
G [ -0.15303322204353925 -0.9365414021467758 -1.320384279822025 -0.050295116454281016 -6.867278739709662 -inf -inf -inf -inf -1.5818765208474135 1.6064270099097533 -2.913082429322787 -0.09578927020906361 -0.5958157118052874 0.015364309652179461 ]
T [ -0.4201955135000097 -0.5498661259447924 -0.13595970868459784 -1.9484155024350673 -0.3874984756805622 1.7204987766185482 2.0 -inf -inf 1.874188246691485 -1.9969140201262574 1.315115613694867 0.3782739665460202 0.6064270099097533 0.10426481424110995 ]
>MA0080.3	Spi1
A [ 0.6478114663364418 0.7651151249501078 1.2905827846788438 1.407352431023013 1.2800293327247467 -0.3408452203303759 1.5096603562895752 -1.730226215486755 -inf 1.9988674084511036 2.0 -2.212831115006886 -0.9491670321248088 -2.032678806798066 0.4600222726486518 ]
C [ -0.6053716143271786 -1.0162812279833457 -2.26629414074835 -2.3598974546166303 -4.898649504457795 -0.9720814240728106 -2.311437361863542 -inf -inf -inf -inf -0.650864191501328 -2.305156963085804 -0.40403733474402065 -0.4052362835713464 ]
G [ 0.14041329312498393 0.4672469283047079 -0.20842913616727518 -0.404756584467712 -0.47213345293553777 1.4333073957068045 -0.11748628984938723 1.8869774523417264 2.0 -8.315489246370625 -inf 1.6541562892327792 -2.23440531768299 1.5142651959503204 0.3989623558670775 ]
T [ -0.5698485324289676 -1.2391011778577836 -1.057724277799237 -1.3315835837427334 -0.29134690047282136 -inf -5.092066696435688 -inf -inf -inf -inf -inf 1.6169322229323118 -2.802630291920648 -0.8604908829265918 ]
>MA0645.1	ETV6
A [ 0.7326045685279249 -2.448846867996131 -0.5359180752281131 -7.904096964657162 -6.324073366718919 1.998490566294379 1.9815641215613082 -1.2890582669378203 -3.43099789094282 0.29356086703033796 ]
C [ 0.21193230935709104 0.358508054061473 1.5757194818909044 -inf -inf -inf -7.025139562278508 -5.1735810495178844 -1.2506562735551692 -2.2892908870950106 ]
G [ -0.27446220866011384 1.200734977874493 -2.4303998841455514 1.9956915152661427 1.990752612483229 -7.901297913628926 -5.7255792804196 1.833122634321932 -3.090373702345553 0.9389652395251948 ]
T [ -1.5007613103253352 -2.0820645373245084 -2.796608540593608 -7.011012168573673 -6.256959170860382 -inf -5.368027275801516 -inf 1.7525835549810755 -0.6157080156573014 ]
>MA0475.2	FLI1
A [ 1.6733529563085547 -2.0557939414289086 -2.0500852314363094 -11.08988077571792 -inf 1.9983128886768327 1.8046804429680259 0.7886332210934092 -3.6950168034154736 -0.03409550127645268 ]
C [ -3.226471579383476 1.8410691938920152 1.9071926644032022 -inf -inf -9.020946878003818 -5.761406695547009 -4.2958117442716395 -0.05625199093938077 -0.497939761410307 ]
G [ -1.4129187780611734 -2.7109732091847425 -7.0125314287265335 1.9997683188541295 1.998015367844276 -9.165336787338992 -9.021934245770229 1.1467487964546947 -2.548331070806361 0.768331900555524 ]
T [ -1.6079754491001674 -5.380683436687378 -inf -12.411808870605281 -7.506671226006616 -9.953832682145281 -1.040604816483512 -7.057763425004945 1.4803039573478682 -0.7085388004729938 ]
>MA0080.4	SPI1
A [ 1.3670950568888014 1.8658213286563388 1.9886244627204193 1.9719581219757627 1.847433926731277 -4.824082008463052 0.12231596144229201 -5.522480069961401 -inf 1.99915243606244 1.9980296816201508 -inf -5.913744266649581 1.021501069210922 ]
C [ -1.4627362225972889 -5.714509723333172 -9.314300001897534 -inf -8.401679525982452 -2.496277347239021 1.3042601524314172 -10.380461065088973 -10.380190466749834 -9.318542809702723 -10.324461855977317 -2.8834401918671877 -4.1975372326501725 -2.1163439612374684 ]
G [ -0.4217332484719145 -1.8565287282055996 -7.314300001897534 -inf -6.494788930373933 1.9206831962712798 -1.1800322575064885 1.9913155792489508 1.9997293508967038 -inf -10.324461855977317 1.9499999443407834 -6.721099188707185 -0.7685995745459687 ]
T [ -1.6842624205268137 -4.0573974368561805 -5.407409406289015 -3.6990378182728474 -1.3682565244450013 -9.43879185257826 -10.685843811426082 -9.380461065088973 -inf -10.318542809702723 -8.002533761089955 -10.407002147924201 1.9706443304640895 0.20458191406051734 ]
>MA0687.1	SPIC
A [ 0.6502887485990997 1.0966760194116738 1.6202955738334368 1.9064258846878026 1.475338009546658 -1.3171110785895865 0.8521013048876865 -inf -2.3817093232127795 1.8458768546805806 1.6542251631582698 -2.230297619421794 -0.6374299206152917 1.3616742736801188 ]
C [ -0.14459682149628797 -1.2889776730860756 -1.2750070474998698 -2.523561956057013 -inf 0.004817016297775842 0.27531273561223046 -2.8328900141647417 -inf -3.019193565233311 -0.976541027176011 -inf -1.5443205162238103 -0.31389077582194397 ]
G [ -0.4321734115928735 -0.11389096652798451 -2.2184235191335024 -inf -inf 1.2758442128851004 -0.022367813028454427 1.9286612182797376 1.7758319537737004 -inf -2.230297619421794 1.9210117038531713 -2.0418201756946273 -2.313890775821944 ]
T [ -0.3497112514009003 -0.9212458885855888 -1.748938235832282 -3.693486957499325 0.28630418515664097 -2.523561956057013 -inf -4.247927513443585 -1.3817093232127793 -1.8265484872909148 -2.9307373375628862 -inf 1.4706298252421612 -1.235888263820671 ]
>MA0098.3	ETS1
A [ 1.5077526316600758 -2.143865024001373 -0.8736974168863 -inf -inf 2.0 1.5630828519696063 0.6991720258794337 -3.0236142019102012 0.25962483825679344 ]
C [ -2.167633189934323 1.7539132189294733 1.7846148913491569 -5.008562013503424 -inf -inf -6.656623485848603 -5.014419059912964 -0.02361420191020116 -0.7421729128056007 ]
G [ -0.559950612713083 -1.4213989995302818 -6.79766152585376 1.9887519029783367 1.9935617816206532 -inf -4.87235217690404 1.2189723603727414 -2.5451513224897235 0.691186188347806 ]
T [ -1.9689893713704838 -5.176286501693751 -inf -inf -5.811107056918711 -inf 0.0015879969031920487 -5.821773981970567 1.4446322814671397 -0.7602747191809114 ]
>MA0761.1	ETV1
A [ 1.2992235647538097 -1.4699699784312248 -1.8058976542156298 -inf -inf 1.9673397511641284 1.449540853665928 0.013688594966469184 -1.910321501008792 0.5534452505988928 ]
C [ -1.9776472551482125 1.592244068913955 1.873209382742147 -inf -inf -4.768962687375192 -2.7817673888556507 -1.6433133810741887 -0.00893738170681705 -0.76037019850115 ]
G [ -0.4856227257435469 -1.1048167380325142 -4.950555897047512 2.0 1.9724066307561459 -6.856425528625531 -5.2449414091787645 1.3940743495115382 -1.7916770045101729 0.25705224781866814 ]
T [ -0.8085797247807051 -2.6540923828399556 -5.780630895605199 -inf -3.7220756320885466 -4.498873524007447 0.1335702140749651 -4.568408572060298 1.293550832356858 -0.42075325621466236 ]
>MA0762.1	ETV2
A [ 1.1048546120645806 1.9544247958102203 -2.5658536777734513 -1.4896403734405625 -inf -inf 2.0 1.834413934282025 1.5138425093343284 -4.568167258178178 0.914139263346162 ]
C [ -1.133055199613597 -4.933100474931367 1.8107096736907566 1.8618319970608153 -inf -inf -inf -8.375039431346925 -7.210671343785622 0.043267453904169265 -1.2902192351600241 ]
G [ -0.46797413302072005 -3.7314666137617167 -1.630559367161267 -6.762658867846978 2.0 2.0 -inf -inf 0.1859334373962369 -2.693698140262037 0.16349873228287956 ]
T [ -0.5771217475039728 -5.933100474931367 -inf -inf -inf -inf -inf -1.2151680945685353 -inf 1.4713611060084595 -0.7693870718585836 ]
>MA0763.1	ETV3
A [ 1.5002653361458749 -1.949016071281195 -2.7188182474559466 -inf -inf 1.9216443622985453 1.5883215128110708 -0.30692593154811565 -inf -0.05444778402237646 ]
C [ -1.493040011280117 1.6292517768659527 1.8594496006912011 -inf -inf -2.826548487290915 -inf -2.357552004618084 -0.9886846867721659 -0.3973354975453848 ]
G [ -1.0 -2.3115861506659034 -inf 1.9089890614925162 1.8964438081734027 -inf -inf 1.5832859229137723 -3.1813297647145617 0.8598223419517397 ]
T [ -1.6629650127224294 -1.1647447623366323 -2.188303530757167 -2.03184886603934 -1.8517490414160576 -3.826548487290915 -0.010124217273707334 -inf 1.7595081628172946 -1.1110313123887439 ]
>MA0764.1	ETV4
A [ 1.1837993124652115 -0.9436311424235366 -1.4467516001289598 -inf -inf 1.990596196748137 1.4252946032073681 0.1243736179083321 -1.9141953962317517 0.6987462719357159 ]
C [ -1.756898227284615 1.505615782528278 1.8479182877139786 -5.678697938987026 -inf -inf -3.509379148914688 -1.7189008784042148 -0.17869521107004452 -0.7925017939632465 ]
G [ -0.3723628164031153 -0.9350691289201128 -5.293206341875504 1.992941407301237 1.9866959644703388 -6.043613228924834 -5.608914822465603 1.334760909934929 -1.3966958632893345 0.07352903542196526 ]
T [ -0.5997733125061879 -3.0880210517587114 -6.993646060016596 -inf -4.767405542009897 -6.529040056095076 0.27023078266001155 -3.57606610023276 1.305317132042447 -0.4202855772409955 ]
>MA0765.1	ETV5
A [ 0.9890389857576025 -0.9415416240131954 -1.5614357313948657 -inf -inf 1.9589135280799317 1.134280196563666 -0.2819351924344463 -1.8461791816194746 0.18210158370092625 ]
C [ -1.367304888494742 1.1703835225727024 1.8488306897607785 -inf -inf -5.596675921284946 -2.636977266707574 -1.2670069509070616 0.24965252316802122 -0.3458026282760161 ]
G [ -0.08028380229618037 -0.35226182817726076 -4.323430120052595 1.9946751679679984 1.9854037426362223 -5.798309782454597 -3.6447967711668734 1.4027535183771278 -1.263861402153882 0.27873405465610507 ]
T [ -0.5528940191256926 -1.167300896448042 -6.770889097023815 -6.0844762374538925 -4.634316044148371 -3.762685872723876 0.6454224639931507 -3.083940849776683 1.0816964391183799 -0.20845323037857424 ]
>MA1484.1	ETS2
A [ 0.33028180259340983 1.667799901884865 -2.8610724304796293 -1.8162706395198125 -9.224518553062255 -10.031787341501463 1.9982771731402735 1.468671059125755 -0.4598615679895746 -inf ]
C [ -0.5642531944221348 -3.483456380643731 1.841092174333803 1.89376834373993 -inf -9.22443241944386 -8.332122640860014 -4.3585003803925035 -inf 0.9590058764943844 ]
G [ 0.44641279179657317 -0.7483297861413062 -1.838808176261146 -inf 1.99896605702152 1.9990521906399157 -9.225207436943503 -inf 1.7105889097072773 -3.3341305611288283 ]
T [ -0.5067876134235565 -2.85722807633692 -inf -inf -9.709945380232497 -inf -inf 0.2431611832704151 -inf 0.9685496491652553 ]
>MA1708.1	ETV7
A [ 0.6925609225819115 -0.27971609134915615 -0.6454718216941441 -0.49079428767249395 -inf -9.744413410557655 1.9926323139748345 1.9627092931688779 0.2970320886255519 -2.5046203924035524 0.2149062743805152 ]
C [ -1.5866518393695574 -0.4782281763235482 0.2511614352683411 1.3731610463498711 -8.73978060977326 -8.744413410557655 -inf -4.91824639337969 -4.8112574206655925 -1.7347401757646115 -2.090519897900584 ]
G [ 0.28412456805919534 0.7238657034632396 0.9583969142041784 -1.521854584037234 1.9991560719028791 1.9945232711184846 -inf -9.191264887786105 1.4519458300441492 -1.2020576223831214 1.1545613345347328 ]
T [ -0.26320325070974165 -0.3097409684724729 -2.1366835776972364 -1.515588797680494 -inf -6.422485315670293 -5.617021350756339 -3.89358433914542 -inf 1.6269859755229759 -1.401980993736878 ]
>MA0761.2	ETV1
A [ 0.4352572381744864 0.28315254112069044 1.2884138087717192 -2.3366466284623812 1.8350554915833577 -5.336646628462381 -4.626153245657366 1.9525139644413672 1.837781927010787 -1.1402494156588776 -1.4814680302610352 -0.236746683973819 0.3231099259140432 0.07912257192302752 ]
C [ -0.3218894576522367 -0.11191406867141666 -1.1052487990616964 1.7836417501499393 -1.6071950879534815 -5.085107861466417 -5.106246628524567 -4.308812420265656 -4.2635831662726575 -2.8363522440830056 -1.2632121504442304 -0.8834740002967663 -0.3205378059056089 -0.034527014655199 ]
G [ 0.046870662878421274 0.15687095612909993 -0.6340466478149999 -1.9662045314221064 -4.026004341121534 1.9665410769798166 1.9521545436600587 -4.637648884495196 -4.50189514269522 1.7434498703052344 -1.569092714462752 1.0228082161805443 0.213017208835739 0.055075868517891154 ]
T [ -0.2954734462478475 -0.42871550266747366 -1.1577285336314973 -3.2770036820349793 -4.555400472735481 -4.73718455804611 -4.036110827571856 -4.684569931882688 -1.6029636182854765 -4.108910886051623 1.5301907176256981 -0.7923261122385707 -0.3417299879787006 -0.10724514860656986 ]
>MA0764.2	ETV4
A [ 0.5682917346053624 -0.8025619108687048 1.989502619936098 -inf -11.03857610276879 1.9931250999715127 1.9860441619910436 -7.5791444841314926 -0.6987260998841648 0.1512484561112276 ]
C [ -0.49361166997955247 1.1313488986735227 -5.107838765205903 -4.515014146711777 -11.03857610276879 -inf -4.848751543888772 -6.231221180711185 0.06077170763440338 -0.39742750535755694 ]
G [ 0.37134513848088907 -0.11971286549419502 -inf 1.9817093980758582 1.9881202314811715 -inf -inf 1.9879473397509762 -0.11005772751089954 0.5383805619373024 ]
T [ -0.9617605057179588 -1.6635366714218647 -inf -7.231221180711185 -4.972486912311017 -5.716648007881427 -8.03857610276879 -6.084379792381914 0.5000978503138788 -0.5608178363249015 ]
>MA0765.2	ETV5
A [ -0.538148461661091 -0.4603638224628522 1.5607502604265457 -4.398360018312232 -2.6572387946547145 -4.8893463708243745 -4.758949733568699 -4.1641259843312675 -2.345025854600564 -1.124863256027778 -0.4917777238141694 ]
C [ 0.282562956713798 0.647574619122004 -1.4293240889072238 1.8694470494488422 -2.522630354190174 -2.7828954291937316 1.953541884931721 1.9293941255206501 -1.916405383048795 0.07300255222965872 0.3486279316920432 ]
G [ 0.11329128345532455 -0.10232624772009666 -1.124863256027778 -2.726660195612194 -4.011336895202985 -3.0113368952029846 -4.29144481439572 -3.723760305106399 1.5113792436172881 0.8602362129600611 -0.12366827953198434 ]
T [ 0.019059774602548853 -0.3674807054282599 -2.183916350091275 -2.760434751755288 1.8501757908948406 1.8863306370135748 -4.689408800315622 -4.069052393059272 -0.5406979565430691 -0.5687185870127701 0.1344204677741598 ]
>MA0062.3	GABPA
A [ -0.04318556798518662 -0.5760228476866643 -1.0995765924529521 1.6746748356201084 -4.1392098822046215 -2.075045785292202 -4.247200609498177 -3.5495960232118384 -4.043094761058901 -3.2488752411904307 -2.8830507163902634 -1.6150403761132226 -0.45970705670986783 -0.2757237367752431 ]
C [ 0.047867800670858114 0.4052659211449924 1.3385287815906535 -2.037294974189079 1.7657122950326156 -3.503889084096077 -3.7343020683606727 1.9065718171578108 1.9467677527019913 -3.4081576186722407 -1.371210784114483 -0.4472767159603775 0.1492551734729157 0.08656180140428468 ]
G [ -0.03792819144765154 -0.251495750940034 -1.227874337229741 -1.7481501613949593 -2.9159303309150006 -4.084359536431832 -3.32543559302558 -3.8313265227555373 -4.97637685555882 -1.84361021372952 1.665258094299226 -1.084359536431832 -0.11830019417075158 -0.31191589559302624 ]
T [ 0.03097392182891093 0.22012124148240048 -0.7921881288485788 -1.9092941874713678 -1.285143355013521 1.854223668586768 1.9155002985625469 -3.3932651505256053 -4.252230347448811 1.8163884156297212 -1.7075739692654142 1.3036443606054993 0.31335831737379083 0.38576929281134337 ]
>MA0080.5	SPI1
A [ 0.3417225155515027 0.534675237175817 0.7015132341062972 1.2432084057036055 1.2983792413797508 1.5826030683100742 -1.1219287264320938 1.763806517605702 -2.6706718184773264 -3.3249964719195986 1.9557226454777936 1.9412543242856077 -1.5619155064916017 -1.257255848357069 -1.5943834976014397 1.4491223506187112 0.8692520507872663 0.8363647931833764 0.24304368628333323 0.3633364557440884 ]
C [ -0.5600620050212041 -0.6472773603817289 -0.7224140375681801 -1.5434867855825305 -1.4405370049108832 -3.5144818875471175 -1.6035701613056508 -3.281378776876379 -5.873519930106948 -5.125421593606118 -4.63632680428732 -5.393910429532021 -1.7455437680012806 -3.1633440767498726 -1.3910670074264986 -1.5571905882153774 -0.7274263839274213 -0.9762283653836661 -0.34345710327910495 -0.42033625869639074 ]
G [ 0.2057394795722172 0.041686177004363764 0.16520589370233235 -0.36299254243003093 -0.38053840584263093 -1.304841202367036 1.5982268305689706 -1.408557205496422 1.9163925060352784 1.9384426356665112 -4.564860436375097 -4.670120224113548 1.7212777575271594 -2.2032875886889665 1.6357950911593313 -0.6896224961434587 -0.12310780350199642 -0.19017931118962175 0.06473438122157613 -0.23296946761474194 ]
T [ -0.15011135112597962 -0.1785612851996926 -0.6295414324400616 -0.9653599151108637 -1.3079484972802813 -0.9640070977665747 -2.444186865776873 -3.0054147177056687 -4.290251727925668 -4.693470711390929 -4.701338954724268 -3.3726640273963207 -3.9258932806214077 1.701726343164019 -2.4742043910412 -1.6908108488377833 -0.6190568295604325 -0.26942354129999285 -0.025514204287086766 0.15765219505268843 ]
>MA0081.2	SPIB
A [ -0.33241264799041603 -0.5240173902770215 -1.6274761282731272 -4.150872571217943 1.8528696763801384 -4.816059801408286 -3.903145418171997 -5.1470710010580865 -5.030426082205816 -4.613638800977012 -2.960370286864947 -2.7225731725301765 -0.43992987009191403 -1.2462677353284828 -0.6949056397426778 -0.7417951524676946 ]
C [ -0.2158358391145223 0.3007517676073431 -0.06654797399133047 1.8320758654198 -3.4431310101747696 1.755383454316176 -4.834283560027193 -5.07307041961431 1.9573208403451694 1.9208303360231096 -0.5757774109515182 1.5789140562951747 -0.7795527891968851 -0.3115191871698301 -0.15922359535126707 0.35134784633147503 ]
G [ -0.7417951524676946 -0.5671794898843521 -1.0762297718189406 -1.9678952273488306 -3.331064208747573 -1.4200104025097449 -5.422305860497407 -4.792114105783253 -5.459538766696382 -5.70569935396578 -1.8800872496403176 -1.5395070713997976 -3.1077478712470548 -1.6897117242291992 -1.4827079311505635 -0.6928258291361242 ]
T [ 0.8046738303346925 0.48320570517572486 1.1681024012894456 -2.9704122882505706 -2.3473292631103573 -2.220072832000993 1.9541168142016518 1.9656839943171411 -3.982216989163196 -2.7029061390740994 1.5503721610435006 -0.9516405106653516 1.3585525400989829 1.3002297769940785 1.0901263778163974 0.5922654975708669 ]
>MA1940.1	ETV2::DRGX
A [ 0.8890241748150048 -0.14462795818331636 -0.3212224479958725 -inf -inf 1.9762438767473918 1.456153353066339 0.0875712208500515 -3.0992952043377753 1.3744637579659618 1.6543157818600296 -5.343407822297814 -1.5834865977373078 1.7097398204787213 ]
C [ -1.2809008266273076 0.819212378521265 1.6156890163534192 -6.295539370406834 -7.618385502258606 -5.829269698486045 -2.602126292547064 -0.7363515507260409 0.7686012596548797 -1.2726204546629918 -1.5922305011851954 -3.964896199044084 -1.4564813210019874 -3.4768639221102218 ]
G [ 0.2136463788716304 0.05762681758205552 -2.931090290479849 1.9954010319968445 1.9944829950324343 -6.051662119822493 -4.633153188167689 1.15200309344505 -2.1284415499972917 -0.668549130994131 -1.8605206324704844 -4.205904298547879 -3.377625900290748 -2.713304117932302 ]
T [ -0.7935491225325738 -1.7849175329378488 -7.997179480937621 -inf -6.618385502258606 -4.936184902402556 0.0721035462711793 -3.1210154009613658 0.964207737968383 -1.4570450258004195 -2.0278153778681247 1.9475325801058645 1.6806537453226553 -1.0389425321580392 ]
>MA1941.1	ETV2::FIGLA
A [ 0.846205851028962 -0.7305068432145846 -0.682149060598104 -3.961168740611252 -3.780593024872209 1.8525381534183114 1.5911341429036518 1.1707103255588334 -4.682242200331703 1.8733279352680918 -3.8254827234533733 -2.6802030737329985 -3.571106680854114 -3.4765331860752644 -0.9758598544040831 0.021057724098092135 ]
C [ -1.6190121187972462 1.0796453966998878 1.6163627339221516 -3.243354246789958 -4.319459111003911 -2.8724047875735748 -3.084879680236337 -1.0407519355828627 1.8896909831596755 -3.5270333522731256 -0.40485312389690187 0.3948705423760045 -3.2942664754952893 -4.152358485427566 -0.1732402043738392 -0.5017546769017913 ]
G [ 0.38620162073862707 0.1074903927646946 -2.162379141907792 1.9176176724196674 1.9244333908383158 -3.082903530328769 -3.263216921494849 0.2869090219701652 -3.381072665611138 -2.4857570766946067 1.637261846574558 1.3105016168775256 -3.1840835577448665 1.9032389833843824 0.7236588273839244 0.0821936269122979 ]
T [ -0.8116571967396419 -2.2762138997093575 -3.5167921980210566 -4.259510015180998 -3.6211148108650124 -2.8989212323526496 -0.38622781160019287 -4.550388863148352 -2.648294868408365 -3.81696298516998 -3.9793401809594955 -4.354663725293257 1.8890453847598976 -3.1404353180517472 -0.06892231974980256 0.2873813961678087 ]
>MA1942.1	ETV2::FOXI1
A [ -0.720815343466198 -0.21826453571377144 -0.8307319059973329 1.3510020603982769 1.3612729567790578 1.7890966110137447 -3.645374017416978 1.626150546936183 -5.014419059912964 -3.8359546887975733 1.9600922581756126 1.424150159751124 0.08391046754501688 -1.1264432295757765 0.16089949393344627 ]
C [ 0.4240929615054885 -1.1740647318032362 -0.8082645658714027 -0.2827947808835765 -1.074000581443777 -3.200207568378355 1.877362362056196 -0.18226635164408064 -3.914883386362049 -inf -3.6812886177961803 -2.9541963103868754 -4.467605550082998 0.46046491546034923 -1.0974125016579444 ]
G [ 0.10585305364824014 1.3100289410683301 -0.5899726542804231 -1.566293289277086 -0.7983661388303496 -1.4658674436189723 -2.500984108081803 -4.974824271773604 1.9488899109461917 1.8903150847607328 -inf -5.1765887317233235 1.5301384759766348 -1.7260823069293765 0.7018373707626043 ]
T [ -0.03595427269092131 -2.199155712766067 1.1390320869991217 -1.7886857106135339 -1.3925826484511479 -3.772113916274065 -3.8489074115021102 -inf -4.573846468526982 -2.166103290489904 -5.0032167126835425 0.21381910104680582 -7.204571144249203 0.898169324905837 -0.3435730889273422 ]
>MA1943.1	ETV2::HOXB13
A [ 1.0873388428306687 -1.1946957291760032 -1.1824482432359744 -inf -inf 1.9924914213726868 1.3231707750041137 0.8196485632502941 -0.9450141407236987 1.6093325441322488 -7.3074854485894765 1.2970376622555755 1.8868177979522944 1.6008588763855158 0.3033194560137622 ]
C [ -0.7342580018027142 1.5295781840540887 1.8172506621076288 -inf -inf -6.53317995861861 -1.2518886319493465 0.46126458530507836 0.918331317522762 -4.487495537055174 -2.2306698515386456 -3.5540340045298886 -4.724583456064886 -1.0309276178220257 0.6496382532876667 ]
G [ -0.329778694222447 -0.9857264803789484 -5.016543013245999 1.9990969044832558 2.0 -6.648657176038546 -7.095585401070671 -0.25600520752020817 -4.886280315933233 -0.22446113122137967 -inf -3.077324394460756 -6.339293300180095 -2.3398500028846247 -0.9407088792701406 ]
T [ -1.0637197693754838 -2.546785794573618 -7.823897935303604 -8.642051692927977 -inf -inf 0.09846787126453324 -5.5822549083576645 0.6386156162159454 -4.368851040556555 1.9186256495429121 0.4213133064360285 -1.9905651459490168 -1.8373496623554415 -0.5643330003604017 ]
>MA1944.1	ETV5::DRGX
A [ 0.8347776175229761 -0.587491327031895 0.42425602930822237 -4.810571634741147 -inf 1.9643760902692786 1.443080536460647 -1.4097236993823758 -2.028797264307435 1.5477400367649576 1.4913408665920413 -2.960001932068081 -1.9902189792074145 1.5890668990538928 ]
C [ -1.4222330006830477 0.8026549967052381 1.2742935232484778 -5.225609134019991 -3.357552004618084 -3.4950555283680185 -2.0608822421470223 -1.4097236993823758 0.4927398562720877 -3.0636946753173895 -1.6175935049611228 -3.259562213926989 -0.8958915966592613 -2.8703647195834043 ]
G [ 0.5849625007211562 0.420081892672906 -3.2854022188622483 1.9707880787835126 1.9643760902692786 -inf -3.011972641666076 1.699210672170788 -1.8537105577493436 -0.09406832436090845 -0.9862380987555154 -2.1020209369405087 -2.1996723448363644 -0.7328611958334696 ]
T [ -1.5425272344007597 -1.9874219339205303 -2.8703647195834043 -5.810571634741147 -inf -6.816983623255381 -0.12444737092448846 -inf 1.0504294268431402 -5.648657176038546 -1.4826639248750142 1.8213577814565787 1.5816873686882953 -1.982839448841817 ]
>MA1945.1	ETV5::FIGLA
A [ 0.48235283770179016 -0.5700430808854171 0.004667409573675278 -5.2761244052742375 -inf 1.9310683363628343 1.5340929827524095 0.4490993353524769 -6.076815597050831 1.9697244167581631 -5.223036337901875 -3.219773550892874 -4.728676385961625 -4.984893107609792 -0.9628470015825339 ]
C [ -1.4146160898875348 -0.05939367001192173 1.253183417841203 -6.861086905995394 -7.3368784363533335 -3.55608542343102 -3.756023929981891 -1.5345062263968545 1.9605352453035028 -5.5530532527664125 -0.5715062202417291 -0.3219280948873623 -5.3136388866827815 -5.306821202497154 -0.6360366853154256 ]
G [ 0.8704403662310841 1.0696750163251447 -0.9440639201158145 1.983618858416544 1.9228648273374476 -4.269781238274379 -3.503257859601924 1.1514402552282599 -4.562242424221073 -4.1745416295126825 1.7147788309015444 1.6249322135190638 -3.5766732925165754 1.9529220611936275 1.0155968550510186 ]
T [ -1.3231930621239398 -1.9009043005427873 -3.4215973451284225 -6.539158811108031 -2.3071310929592816 -4.328674927327947 -0.08661110746142314 -3.8728287595348854 -4.2992080183872785 -7.290018846932618 -5.807998838623031 -6.897845456005512 1.946104377008 -3.804320861967971 -0.2832476267233025 ]
>MA1946.1	ETV5::FOXI1
A [ -0.5721156211655528 -1.1396877710118107 1.517176141584389 1.8904571530937044 1.751544059089098 -inf 1.4965154892703685 -3.3487281542310776 -3.336878436353334 1.8904571530937044 1.2527660703799666 -1.0435690149373993 -1.2246308935324475 ]
C [ -2.0392416315928505 -1.7246502717329668 0.029016073860169286 -2.9541963103868754 -inf 1.7771294692835709 0.11129364442708639 -1.4101286988952209 -5.9218409370744896 -6.861086905995394 -2.4170853279277025 -4.186526968779442 0.0972972013549148 ]
G [ 1.6248395862459082 -0.6542609438415691 -3.7911628885550184 -2.7736240647450545 -0.7332134593050986 -2.389452089084371 -3.348137974210211 1.8178534041368644 1.829703122014608 -2.6911619045530815 -2.7890541053146602 1.7907529547204744 -0.6189098326444937 ]
T [ -inf 1.3830375975814067 -4.469234793667656 -5.861086905995394 -5.0 -1.389452089084371 -inf -inf -1.5999128421871278 -2.9541963103868754 0.36188779276007926 -inf 0.8884317709541886 ]
>MA1947.1	ETV5::FOXO1
A [ 0.27243310383604336 -0.1616383902573516 1.2726204546629918 1.7959861079784067 1.7138175663975803 -3.6948801927991917 1.7440850060663766 -1.8634980000951378 -inf 1.6939863944760114 0.6598673097350471 0.1501403494278603 -0.9757524537533228 ]
C [ -2.5349218182215605 -3.439623137557117 0.4604804700400108 -1.0927571409198524 -inf 1.871934961211705 -0.9352048772029324 -3.2260680794798464 -inf -3.8728287595348854 -0.43476956440302816 -0.6036990633027419 -0.049753035197099615 ]
G [ 1.3275746580285044 -0.2696981361148047 -2.795859283219775 -6.092757140919852 -0.7154940638633815 -inf -3.337303320774278 1.8553202473608088 1.9639307452924781 -1.8728287595348854 -1.7938506577078566 0.9622803340508415 -0.35908109330482835 ]
T [ -3.186998514801254 1.1271920164537799 -3.965784284662087 -4.507794640198696 -3.1749256825006786 -1.9293454464362145 -5.144658242831882 -inf -3.3398500028846247 -1.2405605440353726 0.4770032525852365 -1.8166927866369402 0.8038574778213772 ]
>MA1948.1	ETV5::HOXA2
A [ 0.9645511639957103 -0.42626475470209796 -1.1174575815481769 -inf -3.0163018123291003 1.9029755456051354 1.0529812916861718 -1.9361849024025566 -inf 0.9163420709530903 1.566266407011251 -inf -inf 1.8231222379159207 ]
C [ -2.0426443374084937 0.3016556998611012 1.5056400480597505 -inf -inf -3.527477006060396 -1.5181754095099538 -2.0516621198224927 -0.28581780147808156 0.4352153812164741 -2.7767233034039407 -1.6156592979440725 -0.3188876405673113 -2.700439718141092 ]
G [ 0.483424474259094 0.44409996488130654 -1.1434527900811213 1.9875090558168031 1.9547191206991337 -4.94251450533924 -2.25514100367616 1.7938279311218825 -inf -0.7805133098389632 -0.29433053632333234 -4.569855608330948 -1.8012804076479196 -inf ]
T [ -1.294183104404458 -0.5933747405373564 -2.0179219079972626 -4.857980995127572 -inf -2.827037287919304 0.4505736565056063 -5.051662119822493 1.6689013192210522 -2.4867821067822526 -3.6942611432119676 1.8605969433345837 1.5417093027672724 -1.7004397181410922 ]
>MA1949.1	FLI1::DRGX
A [ 1.193507675899866 -1.4219569132186345 -0.3408578234222133 -6.714245517666122 -3.4594316186372973 1.9862599433736976 1.4133628675865897 -1.1122095035860249 -3.778077129535358 1.4649627246105261 1.5884180593573753 -4.675251386050259 -1.8347408098526832 1.5003448119033502 -0.38197547855730124 ]
C [ -1.8493781369533107 1.4775162108274011 1.63858085409547 -inf -inf -4.721099188707185 -inf -1.1773045318079098 0.3199549534251686 -0.7282833510664054 -3.212050477114989 -1.7492519674940359 -0.5057922872875484 -1.3243712708156912 -0.9759831188814646 ]
G [ -0.36750912919625794 -1.3854310371935203 -3.6093466593481156 1.99311361441476 1.925999418556223 -inf -2.944189137031494 1.5076867872445183 -3.077637411394266 -1.8278190246173196 -0.5797822616154762 -1.3533232911628967 -2.668730858413754 -1.2762769826146463 -0.24447195480736642 ]
T [ -0.5988346753027137 -1.1223966313597264 -6.0687782779854125 -6.714245517666122 -3.1963972128035034 -inf 0.2708237539393564 -1.9902189792074145 1.356349190685568 -1.4976704229249889 -2.212050477114989 1.7101796511432614 1.515066317610116 -1.4790938656143333 0.9108062706705446 ]
>MA1950.1	FLI1::FOXI1
A [ 0.34308403195037585 -0.9440022187147155 1.4243153128668546 1.615475050745949 1.865318156677768 -4.070695990670933 1.7049061751102281 -3.35206795495936 -inf 1.9479114888515459 1.3998852740462968 0.694021841647379 -1.4665210434236164 0.1287930542841564 ]
C [ -1.1885489663646538 -0.6206102017931802 -0.537038759233662 -1.65672767036144 -8.922584402713664 1.9098516466628948 -0.6327462720701507 -inf -inf -3.795596951181432 -2.8802226451464388 -2.9061270628884532 0.4773217775331864 -0.5972617656715996 ]
G [ 0.8948016772106494 -1.0076333249024274 -1.4447240092499825 -1.8061052943996667 -1.9800698973744237 -3.234194722953812 -3.39630607624807 1.943981508102397 1.9853861942702087 -5.139551352398794 -4.102615066482887 1.0866989042238109 -1.0338248776482661 0.30567081636823545 ]
T [ -1.2061073377489584 1.2218485212203398 -1.945734731638679 -1.5874650079243262 -3.3078745585984555 -3.708125911286224 -inf -4.20006486151431 -4.632591363678911 -4.5920635570963 0.22300751196221744 -3.0007639370265284 0.8135868757691187 0.01381357536868782 ]
>MA1956.1	FOXO1::FLI1
A [ -0.5219527031953558 0.07400058144377678 1.4286479307974969 1.9657300979152539 1.9589727317399452 -inf 1.9256526585399187 -2.222392421336448 -2.7615512324444795 1.9930805860602094 1.7579252128018523 -0.5061070800099164 -3.7708290460324903 -0.9455522159776235 ]
C [ -1.8073549220576042 -0.7369655941662062 0.30126862432126944 -3.412781525338476 -inf 1.979340529433907 -2.452858964713811 -3.807354922057604 -inf -inf -3.94251450533924 -2.4757334309663976 -0.6333255222825551 -1.308122295362332 ]
G [ 1.5935245142245802 -2.6629650127224296 -inf -inf -inf -inf -5.774787059601174 1.893084796083488 1.9388884856966129 -inf -inf 1.6397437864535382 -2.0927571409198524 0.8387190929669393 ]
T [ -inf 1.1305841098101443 -3.721099188707185 -inf -3.156504485679991 -4.136136687986029 -inf -inf -5.7615512324444795 -5.7073591320808825 -0.8550516640889004 -inf 1.6076825772212395 0.3656494723166804 ]
>MA1966.1	TFAP4::ETV1
A [ 0.6289164116604589 -1.4598546343391665 -0.8960344677510748 -4.469522116344124 -4.231630962421267 1.8798636082201532 1.3791529635803126 -0.05069653608694888 -5.265849421440848 1.7786648854465945 -3.668175868970138 -0.3783579079437034 -2.807354922057604 -5.48854903295644 -0.4347361255313141 -0.4895744918599786 ]
C [ -1.696088886755912 0.8536721069013813 1.6581845095389736 -5.097553338957166 -3.9167576250678557 -3.751714251776135 -3.7775159411597334 -1.0263808755350778 1.926443393029919 -3.7582761004116185 -0.8302326270791107 0.6206426496603239 -1.492258860652667 -5.052449918149767 -0.978945532737326 -0.1995644918821865 ]
G [ 0.7364901632701952 0.6986491880233205 -2.3403365615351133 1.9572359517636662 1.9250379423187778 -2.680160990751101 -2.9551588557628823 1.316294297618709 -5.58777751632821 -1.4001656692176099 1.5241169455006291 0.6591167974749594 -2.2414507571521325 1.9382090351513492 0.8466261748215356 0.3921765414700317 ]
T [ -1.0623308821999118 -2.2765474209761067 -3.197824917067361 -4.556984957594463 -3.5891829670393514 -3.484610181633294 0.25939474883250035 -4.22881869049588 -2.7174127967448056 -3.106199403831925 -1.050524749542807 -3.1327459484297275 1.7181813005283593 -3.116580255569483 -0.06713768314847698 0.14349742861330783 ]
>MA1967.1	TFAP4::FLI1
A [ 1.3893455976065499 -1.0772429989324603 -0.9074400890605582 -inf -2.6427669522440187 1.9255302167361086 1.7999993346522496 1.7349558027463696 -inf 1.9973208998041185 -inf -inf -inf -inf 0.3659893180340533 -0.35036317384943905 ]
C [ -1.8492267507853328 1.350363173849439 1.7128111616637374 -2.404983834614921 -1.6702476886661255 -3.7536147230417556 -4.812031409267077 -3.8129446037532415 2.0 -inf -5.082149041353872 1.980026976233017 -inf -inf -1.095522611044291 0.04227980349256432 ]
G [ -0.23090565311774558 -0.20934653493980557 -2.7147950111181625 1.9115910257782347 1.7007749557494065 -4.239041550211997 -inf -0.93562712352807 -inf -8.074141462752506 1.9893133212027525 -4.184544790715089 -inf 2.0 -0.055994246857653716 -0.7495342676692617 ]
T [ -1.9956162377668558 -3.166510337029548 -4.77368870017173 -4.352516414720785 -1.8628927666085215 -3.7536147230417556 -1.052294507442213 -3.6926503700355298 -inf -8.074141462752506 -inf -inf 2.0 -inf 0.3576500171213238 0.6700046238445229 ]
>MA0080.6	Spi1
A [ 0.6580412007103097 0.5126629071067712 1.338991346842216 1.645506422268366 1.6310741531100403 -1.6066002231214251 1.7741199872364126 -2.689455509655383 -3.6969058141405897 1.9556315943347264 1.9200815767789159 -1.7879299878359867 -0.6297552409407663 -1.3990805836524296 -0.18128372528347475 0.5804480800400722 0.5068065859067807 ]
C [ -0.7657487020611229 -0.819626218985536 -1.938124111800346 -2.1913956775804957 -3.4966335116022877 -1.108035974960641 -3.3417849868922307 -5.5794599427319085 -4.984043084373585 -4.586032596655395 -4.77886590540775 -1.8958655574792318 -2.8232129647612774 -2.1140790577634245 -1.1837739218815195 -0.5932145110983642 -0.6241640494036635 ]
G [ 0.07292225092530227 0.47795094330036575 -0.2055586824966108 -1.3090669177323158 -1.3636401753189464 1.6047121346795181 -1.4485290729054596 1.9176298019639135 1.9467084834069506 -4.628821869612826 -3.8514405073418794 1.7610375893560866 -2.358567204525189 1.6647525112130102 1.132760634196612 0.08383291797304515 -0.004862975290998788 ]
T [ -0.3546338563102742 -0.7037692244561963 -1.5475194435540338 -2.0063498640991666 -1.2332121686491329 -2.587680449536877 -3.124327037875266 -4.440764601449602 -4.7818809431631815 -4.677123201950052 -3.1863932625793145 -4.257531847844546 1.5933221157365223 -2.1893926296490234 -1.0436331879645167 -0.3547741485300462 -0.09901854906125813 ]
>MA0764.3	ETV4
A [ 1.1782664115439445 -2.4560018784292916 -2.571652047137778 -inf -inf 1.962567863886629 1.6075940157486124 -0.5801567166607279 -2.753874565094417 0.08364271785128663 ]
C [ -1.7556668203472616 1.7134245933280818 1.917887393396481 -inf -inf -5.015149014833907 -2.9733262486744785 -1.8033489911201137 -0.07527699226203087 -0.4453470518432382 ]
G [ -0.030131045950811723 -1.109874088670599 -4.254048698764561 2.0 2.0 -4.772447611097119 -4.130867525660959 1.5868333194724544 -1.8172881303743424 0.6251896929022083 ]
T [ -1.1156424921635637 -3.7363661628010028 -10.508289986140348 -inf -inf -4.839118650742407 -0.3805300904752917 -4.618566030950689 1.3889246589597124 -0.5918567734311223 ]
>MA0765.3	ETV5
A [ 1.5748714778735553 -4.396223256009048 -5.543254091357545 -inf -inf 1.9716362177684612 1.8383391909609543 -1.256792293995978 -3.891719079372709 0.41150398726083026 ]
C [ -2.6868344502684782 1.9218608680347544 1.9900980195893243 -inf -inf -4.442416964806063 -5.093689415615227 -3.0808066972556025 -0.83282539031914 -0.6637907901391271 ]
G [ -0.9113361369312123 -2.862141924290076 -7.401235086485117 2.0 2.0 -7.481097432970123 -7.901044337672831 1.7879531330116196 -3.6050056770694043 0.522735280798956 ]
T [ -1.5824507350535886 -5.273075025236183 -inf -inf -inf -5.249771886863667 -1.3564207660879886 -6.631003779816083 1.7176561603619263 -0.7320825360896109 ]
>MA1708.2	ETV7
A [ -0.6454718216941441 -0.49079428767249395 -inf -9.744413410557655 1.9926323139748345 1.9627092931688779 0.2970320886255519 -2.5046203924035524 0.2149062743805152 ]
C [ 0.2511614352683411 1.3731610463498711 -8.73978060977326 -8.744413410557655 -inf -4.91824639337969 -4.8112574206655925 -1.7347401757646115 -2.090519897900584 ]
G [ 0.9583969142041784 -1.521854584037234 1.9991560719028791 1.9945232711184846 -inf -9.191264887786105 1.4519458300441492 -1.2020576223831214 1.1545613345347328 ]
T [ -2.1366835776972364 -1.515588797680494 -inf -6.422485315670293 -5.617021350756339 -3.89358433914542 -inf 1.6269859755229759 -1.401980993736878 ]
>MA0098.4	ETS1
A [ 1.5077526316600758 -2.143865024001373 -0.8736974168863 -inf -inf 2.0 1.5630828519696063 0.6991720258794337 -3.0236142019102012 ]
C [ -2.167633189934323 1.7539132189294733 1.7846148913491569 -5.008562013503424 -inf -inf -6.656623485848603 -5.014419059912964 -0.02361420191020116 ]
G [ -0.559950612713083 -1.4213989995302818 -6.79766152585376 1.9887519029783367 1.9935617816206532 -inf -4.87235217690404 1.2189723603727414 -2.5451513224897235 ]
T [ -1.9689893713704838 -5.176286501693751 -inf -inf -5.811107056918711 -inf 0.0015879969031920487 -5.821773981970567 1.4446322814671397 ]
>MA1484.2	ETS2
A [ 1.667799901884865 -2.8610724304796293 -1.8162706395198125 -9.224518553062255 -10.031787341501463 1.9982771731402735 1.468671059125755 -0.4598615679895746 -inf ]
C [ -3.483456380643731 1.841092174333803 1.89376834373993 -inf -9.22443241944386 -8.332122640860014 -4.3585003803925035 -inf 0.9590058764943844 ]
G [ -0.7483297861413062 -1.838808176261146 -inf 1.99896605702152 1.9990521906399157 -9.225207436943503 -inf 1.7105889097072773 -3.3341305611288283 ]
T [ -2.85722807633692 -inf -inf -9.709945380232497 -inf -inf 0.2431611832704151 -inf 0.9685496491652553 ]
>MA0761.3	ETV1
A [ 1.2884138087717192 -2.3366466284623812 1.8350554915833577 -5.336646628462381 -4.626153245657366 1.9525139644413672 1.837781927010787 -1.1402494156588776 -1.4814680302610352 ]
C [ -1.1052487990616964 1.7836417501499393 -1.6071950879534815 -5.085107861466417 -5.106246628524567 -4.308812420265656 -4.2635831662726575 -2.8363522440830056 -1.2632121504442304 ]
G [ -0.6340466478149999 -1.9662045314221064 -4.026004341121534 1.9665410769798166 1.9521545436600587 -4.637648884495196 -4.50189514269522 1.7434498703052344 -1.569092714462752 ]
T [ -1.1577285336314973 -3.2770036820349793 -4.555400472735481 -4.73718455804611 -4.036110827571856 -4.684569931882688 -1.6029636182854765 -4.108910886051623 1.5301907176256981 ]
>MA0762.2	ETV2
A [ 1.9544247958102203 -2.5658536777734513 -1.4896403734405625 -inf -inf 2.0 1.834413934282025 1.5138425093343284 -4.568167258178178 ]
C [ -4.933100474931367 1.8107096736907566 1.8618319970608153 -inf -inf -inf -8.375039431346925 -7.210671343785622 0.043267453904169265 ]
G [ -3.7314666137617167 -1.630559367161267 -6.762658867846978 2.0 2.0 -inf -inf 0.1859334373962369 -2.693698140262037 ]
T [ -5.933100474931367 -inf -inf -inf -inf -inf -1.2151680945685353 -inf 1.4713611060084595 ]
>MA1940.2	ETV2::DRGX
A [ -0.3212224479958725 -inf -inf 1.9762438767473918 1.456153353066339 0.0875712208500515 -3.0992952043377753 1.3744637579659618 1.6543157818600296 -5.343407822297814 -1.5834865977373078 1.7097398204787213 ]
C [ 1.6156890163534192 -6.295539370406834 -7.618385502258606 -5.829269698486045 -2.602126292547064 -0.7363515507260409 0.7686012596548797 -1.2726204546629918 -1.5922305011851954 -3.964896199044084 -1.4564813210019874 -3.4768639221102218 ]
G [ -2.931090290479849 1.9954010319968445 1.9944829950324343 -6.051662119822493 -4.633153188167689 1.15200309344505 -2.1284415499972917 -0.668549130994131 -1.8605206324704844 -4.205904298547879 -3.377625900290748 -2.713304117932302 ]
T [ -7.997179480937621 -inf -6.618385502258606 -4.936184902402556 0.0721035462711793 -3.1210154009613658 0.964207737968383 -1.4570450258004195 -2.0278153778681247 1.9475325801058645 1.6806537453226553 -1.0389425321580392 ]
>MA1941.2	ETV2::FIGLA
A [ -0.7305068432145846 -0.682149060598104 -3.961168740611252 -3.780593024872209 1.8525381534183114 1.5911341429036518 1.1707103255588334 -4.682242200331703 1.8733279352680918 -3.8254827234533733 -2.6802030737329985 -3.571106680854114 -3.4765331860752644 ]
C [ 1.0796453966998878 1.6163627339221516 -3.243354246789958 -4.319459111003911 -2.8724047875735748 -3.084879680236337 -1.0407519355828627 1.8896909831596755 -3.5270333522731256 -0.40485312389690187 0.3948705423760045 -3.2942664754952893 -4.152358485427566 ]
G [ 0.1074903927646946 -2.162379141907792 1.9176176724196674 1.9244333908383158 -3.082903530328769 -3.263216921494849 0.2869090219701652 -3.381072665611138 -2.4857570766946067 1.637261846574558 1.3105016168775256 -3.1840835577448665 1.9032389833843824 ]
T [ -2.2762138997093575 -3.5167921980210566 -4.259510015180998 -3.6211148108650124 -2.8989212323526496 -0.38622781160019287 -4.550388863148352 -2.648294868408365 -3.81696298516998 -3.9793401809594955 -4.354663725293257 1.8890453847598976 -3.1404353180517472 ]
>MA1942.2	ETV2::FOXI1
A [ 1.3510020603982769 1.3612729567790578 1.7890966110137447 -3.645374017416978 1.626150546936183 -5.014419059912964 -3.8359546887975733 1.9600922581756126 1.424150159751124 0.08391046754501688 -1.1264432295757765 ]
C [ -0.2827947808835765 -1.074000581443777 -3.200207568378355 1.877362362056196 -0.18226635164408064 -3.914883386362049 -inf -3.6812886177961803 -2.9541963103868754 -4.467605550082998 0.46046491546034923 ]
G [ -1.566293289277086 -0.7983661388303496 -1.4658674436189723 -2.500984108081803 -4.974824271773604 1.9488899109461917 1.8903150847607328 -inf -5.1765887317233235 1.5301384759766348 -1.7260823069293765 ]
T [ -1.7886857106135339 -1.3925826484511479 -3.772113916274065 -3.8489074115021102 -inf -4.573846468526982 -2.166103290489904 -5.0032167126835425 0.21381910104680582 -7.204571144249203 0.898169324905837 ]
>MA1943.2	ETV2::HOXB13
A [ -1.1946957291760032 -1.1824482432359744 -inf -inf 1.9924914213726868 1.3231707750041137 0.8196485632502941 -0.9450141407236987 1.6093325441322488 -7.3074854485894765 1.2970376622555755 1.8868177979522944 1.6008588763855158 ]
C [ 1.5295781840540887 1.8172506621076288 -inf -inf -6.53317995861861 -1.2518886319493465 0.46126458530507836 0.918331317522762 -4.487495537055174 -2.2306698515386456 -3.5540340045298886 -4.724583456064886 -1.0309276178220257 ]
G [ -0.9857264803789484 -5.016543013245999 1.9990969044832558 2.0 -6.648657176038546 -7.095585401070671 -0.25600520752020817 -4.886280315933233 -0.22446113122137967 -inf -3.077324394460756 -6.339293300180095 -2.3398500028846247 ]
T [ -2.546785794573618 -7.823897935303604 -8.642051692927977 -inf -inf 0.09846787126453324 -5.5822549083576645 0.6386156162159454 -4.368851040556555 1.9186256495429121 0.4213133064360285 -1.9905651459490168 -1.8373496623554415 ]
>MA0763.2	ETV3
A [ 1.5002653361458749 -1.949016071281195 -2.7188182474559466 -inf -inf 1.9216443622985453 1.5883215128110708 -0.30692593154811565 -inf ]
C [ -1.493040011280117 1.6292517768659527 1.8594496006912011 -inf -inf -2.826548487290915 -inf -2.357552004618084 -0.9886846867721659 ]
G [ -1.0 -2.3115861506659034 -inf 1.9089890614925162 1.8964438081734027 -inf -inf 1.5832859229137723 -3.1813297647145617 ]
T [ -1.6629650127224294 -1.1647447623366323 -2.188303530757167 -2.03184886603934 -1.8517490414160576 -3.826548487290915 -0.010124217273707334 -inf 1.7595081628172946 ]
>MA0764.4	ETV4
A [ 1.1782664115439445 -2.4560018784292916 -2.571652047137778 -inf -inf 1.962567863886629 1.6075940157486124 -0.5801567166607279 -2.753874565094417 ]
C [ -1.7556668203472616 1.7134245933280818 1.917887393396481 -inf -inf -5.015149014833907 -2.9733262486744785 -1.8033489911201137 -0.07527699226203087 ]
G [ -0.030131045950811723 -1.109874088670599 -4.254048698764561 2.0 2.0 -4.772447611097119 -4.130867525660959 1.5868333194724544 -1.8172881303743424 ]
T [ -1.1156424921635637 -3.7363661628010028 -10.508289986140348 -inf -inf -4.839118650742407 -0.3805300904752917 -4.618566030950689 1.3889246589597124 ]
>MA0765.4	ETV5
A [ 1.5748714778735553 -4.396223256009048 -5.543254091357545 -inf -inf 1.9716362177684612 1.8383391909609543 -1.256792293995978 -3.891719079372709 ]
C [ -2.6868344502684782 1.9218608680347544 1.9900980195893243 -inf -inf -4.442416964806063 -5.093689415615227 -3.0808066972556025 -0.83282539031914 ]
G [ -0.9113361369312123 -2.862141924290076 -7.401235086485117 2.0 2.0 -7.481097432970123 -7.901044337672831 1.7879531330116196 -3.6050056770694043 ]
T [ -1.5824507350535886 -5.273075025236183 -inf -inf -inf -5.249771886863667 -1.3564207660879886 -6.631003779816083 1.7176561603619263 ]
>MA1944.2	ETV5::DRGX
A [ 0.42425602930822237 -4.810571634741147 -inf 1.9643760902692786 1.443080536460647 -1.4097236993823758 -2.028797264307435 1.5477400367649576 1.4913408665920413 -2.960001932068081 -1.9902189792074145 1.5890668990538928 ]
C [ 1.2742935232484778 -5.225609134019991 -3.357552004618084 -3.4950555283680185 -2.0608822421470223 -1.4097236993823758 0.4927398562720877 -3.0636946753173895 -1.6175935049611228 -3.259562213926989 -0.8958915966592613 -2.8703647195834043 ]
G [ -3.2854022188622483 1.9707880787835126 1.9643760902692786 -inf -3.011972641666076 1.699210672170788 -1.8537105577493436 -0.09406832436090845 -0.9862380987555154 -2.1020209369405087 -2.1996723448363644 -0.7328611958334696 ]
T [ -2.8703647195834043 -5.810571634741147 -inf -6.816983623255381 -0.12444737092448846 -inf 1.0504294268431402 -5.648657176038546 -1.4826639248750142 1.8213577814565787 1.5816873686882953 -1.982839448841817 ]
>MA1945.2	ETV5::FIGLA
A [ 0.48235283770179016 -0.5700430808854171 0.004667409573675278 -5.2761244052742375 -inf 1.9310683363628343 1.5340929827524095 0.4490993353524769 -6.076815597050831 1.9697244167581631 -5.223036337901875 -3.219773550892874 -4.728676385961625 -4.984893107609792 ]
C [ -1.4146160898875348 -0.05939367001192173 1.253183417841203 -6.861086905995394 -7.3368784363533335 -3.55608542343102 -3.756023929981891 -1.5345062263968545 1.9605352453035028 -5.5530532527664125 -0.5715062202417291 -0.3219280948873623 -5.3136388866827815 -5.306821202497154 ]
G [ 0.8704403662310841 1.0696750163251447 -0.9440639201158145 1.983618858416544 1.9228648273374476 -4.269781238274379 -3.503257859601924 1.1514402552282599 -4.562242424221073 -4.1745416295126825 1.7147788309015444 1.6249322135190638 -3.5766732925165754 1.9529220611936275 ]
T [ -1.3231930621239398 -1.9009043005427873 -3.4215973451284225 -6.539158811108031 -2.3071310929592816 -4.328674927327947 -0.08661110746142314 -3.8728287595348854 -4.2992080183872785 -7.290018846932618 -5.807998838623031 -6.897845456005512 1.946104377008 -3.804320861967971 ]
>MA1946.2	ETV5::FOXI1
A [ -0.5721156211655528 -1.1396877710118107 1.517176141584389 1.8904571530937044 1.751544059089098 -inf 1.4965154892703685 -3.3487281542310776 -3.336878436353334 1.8904571530937044 1.2527660703799666 -1.0435690149373993 ]
C [ -2.0392416315928505 -1.7246502717329668 0.029016073860169286 -2.9541963103868754 -inf 1.7771294692835709 0.11129364442708639 -1.4101286988952209 -5.9218409370744896 -6.861086905995394 -2.4170853279277025 -4.186526968779442 ]
G [ 1.6248395862459082 -0.6542609438415691 -3.7911628885550184 -2.7736240647450545 -0.7332134593050986 -2.389452089084371 -3.348137974210211 1.8178534041368644 1.829703122014608 -2.6911619045530815 -2.7890541053146602 1.7907529547204744 ]
T [ -inf 1.3830375975814067 -4.469234793667656 -5.861086905995394 -5.0 -1.389452089084371 -inf -inf -1.5999128421871278 -2.9541963103868754 0.36188779276007926 -inf ]
>MA1947.2	ETV5::FOXO1
A [ 0.27243310383604336 -0.1616383902573516 1.2726204546629918 1.7959861079784067 1.7138175663975803 -3.6948801927991917 1.7440850060663766 -1.8634980000951378 -inf 1.6939863944760114 ]
C [ -2.5349218182215605 -3.439623137557117 0.4604804700400108 -1.0927571409198524 -inf 1.871934961211705 -0.9352048772029324 -3.2260680794798464 -inf -3.8728287595348854 ]
G [ 1.3275746580285044 -0.2696981361148047 -2.795859283219775 -6.092757140919852 -0.7154940638633815 -inf -3.337303320774278 1.8553202473608088 1.9639307452924781 -1.8728287595348854 ]
T [ -3.186998514801254 1.1271920164537799 -3.965784284662087 -4.507794640198696 -3.1749256825006786 -1.9293454464362145 -5.144658242831882 -inf -3.3398500028846247 -1.2405605440353726 ]
>MA1948.2	ETV5::HOXA2
A [ -1.1174575815481769 -inf -3.0163018123291003 1.9029755456051354 1.0529812916861718 -1.9361849024025566 -inf 0.9163420709530903 1.566266407011251 -inf -inf 1.8231222379159207 ]
C [ 1.5056400480597505 -inf -inf -3.527477006060396 -1.5181754095099538 -2.0516621198224927 -0.28581780147808156 0.4352153812164741 -2.7767233034039407 -1.6156592979440725 -0.3188876405673113 -2.700439718141092 ]
G [ -1.1434527900811213 1.9875090558168031 1.9547191206991337 -4.94251450533924 -2.25514100367616 1.7938279311218825 -inf -0.7805133098389632 -0.29433053632333234 -4.569855608330948 -1.8012804076479196 -inf ]
T [ -2.0179219079972626 -4.857980995127572 -inf -2.827037287919304 0.4505736565056063 -5.051662119822493 1.6689013192210522 -2.4867821067822526 -3.6942611432119676 1.8605969433345837 1.5417093027672724 -1.7004397181410922 ]
>MA0645.2	ETV6
A [ -2.448846867996131 -0.5359180752281131 -7.904096964657162 -6.324073366718919 1.998490566294379 1.9815641215613082 -1.2890582669378203 -3.43099789094282 0.29356086703033796 ]
C [ 0.358508054061473 1.5757194818909044 -inf -inf -inf -7.025139562278508 -5.1735810495178844 -1.2506562735551692 -2.2892908870950106 ]
G [ 1.200734977874493 -2.4303998841455514 1.9956915152661427 1.990752612483229 -7.901297913628926 -5.7255792804196 1.833122634321932 -3.090373702345553 0.9389652395251948 ]
T [ -2.0820645373245084 -2.796608540593608 -7.011012168573673 -6.256959170860382 -inf -5.368027275801516 -inf 1.7525835549810755 -0.6157080156573014 ]
>MA0475.3	FLI1
A [ 1.6733529563085547 -2.0557939414289086 -2.0500852314363094 -11.08988077571792 -inf 1.9983128886768327 1.8046804429680259 0.7886332210934092 -3.6950168034154736 ]
C [ -3.226471579383476 1.8410691938920152 1.9071926644032022 -inf -inf -9.020946878003818 -5.761406695547009 -4.2958117442716395 -0.05625199093938077 ]
G [ -1.4129187780611734 -2.7109732091847425 -7.0125314287265335 1.9997683188541295 1.998015367844276 -9.165336787338992 -9.021934245770229 1.1467487964546947 -2.548331070806361 ]
T [ -1.6079754491001674 -5.380683436687378 -inf -12.411808870605281 -7.506671226006616 -9.953832682145281 -1.040604816483512 -7.057763425004945 1.4803039573478682 ]
>MA1949.2	FLI1::DRGX
A [ 1.193507675899866 -1.4219569132186345 -0.3408578234222133 -6.714245517666122 -3.4594316186372973 1.9862599433736976 1.4133628675865897 -1.1122095035860249 -3.778077129535358 1.4649627246105261 1.5884180593573753 -4.675251386050259 -1.8347408098526832 1.5003448119033502 ]
C [ -1.8493781369533107 1.4775162108274011 1.63858085409547 -inf -inf -4.721099188707185 -inf -1.1773045318079098 0.3199549534251686 -0.7282833510664054 -3.212050477114989 -1.7492519674940359 -0.5057922872875484 -1.3243712708156912 ]
G [ -0.36750912919625794 -1.3854310371935203 -3.6093466593481156 1.99311361441476 1.925999418556223 -inf -2.944189137031494 1.5076867872445183 -3.077637411394266 -1.8278190246173196 -0.5797822616154762 -1.3533232911628967 -2.668730858413754 -1.2762769826146463 ]
T [ -0.5988346753027137 -1.1223966313597264 -6.0687782779854125 -6.714245517666122 -3.1963972128035034 -inf 0.2708237539393564 -1.9902189792074145 1.356349190685568 -1.4976704229249889 -2.212050477114989 1.7101796511432614 1.515066317610116 -1.4790938656143333 ]
>MA1950.2	FLI1::FOXI1
A [ -0.9440022187147155 1.4243153128668546 1.615475050745949 1.865318156677768 -4.070695990670933 1.7049061751102281 -3.35206795495936 -inf 1.9479114888515459 1.3998852740462968 0.694021841647379 ]
C [ -0.6206102017931802 -0.537038759233662 -1.65672767036144 -8.922584402713664 1.9098516466628948 -0.6327462720701507 -inf -inf -3.795596951181432 -2.8802226451464388 -2.9061270628884532 ]
G [ -1.0076333249024274 -1.4447240092499825 -1.8061052943996667 -1.9800698973744237 -3.234194722953812 -3.39630607624807 1.943981508102397 1.9853861942702087 -5.139551352398794 -4.102615066482887 1.0866989042238109 ]
T [ 1.2218485212203398 -1.945734731638679 -1.5874650079243262 -3.3078745585984555 -3.708125911286224 -inf -4.20006486151431 -4.632591363678911 -4.5920635570963 0.22300751196221744 -3.0007639370265284 ]
>MA1956.2	FOXO1::FLI1
A [ -0.5219527031953558 0.07400058144377678 1.4286479307974969 1.9657300979152539 1.9589727317399452 -inf 1.9256526585399187 -2.222392421336448 -2.7615512324444795 1.9930805860602094 1.7579252128018523 -0.5061070800099164 -3.7708290460324903 ]
C [ -1.8073549220576042 -0.7369655941662062 0.30126862432126944 -3.412781525338476 -inf 1.979340529433907 -2.452858964713811 -3.807354922057604 -inf -inf -3.94251450533924 -2.4757334309663976 -0.6333255222825551 ]
G [ 1.5935245142245802 -2.6629650127224296 -inf -inf -inf -inf -5.774787059601174 1.893084796083488 1.9388884856966129 -inf -inf 1.6397437864535382 -2.0927571409198524 ]
T [ -inf 1.1305841098101443 -3.721099188707185 -inf -3.156504485679991 -4.136136687986029 -inf -inf -5.7615512324444795 -5.7073591320808825 -0.8550516640889004 -inf 1.6076825772212395 ]
>MA0062.4	GABPA
A [ -1.0995765924529521 1.6746748356201084 -4.1392098822046215 -2.075045785292202 -4.247200609498177 -3.5495960232118384 -4.043094761058901 -3.2488752411904307 -2.8830507163902634 -1.6150403761132226 ]
C [ 1.3385287815906535 -2.037294974189079 1.7657122950326156 -3.503889084096077 -3.7343020683606727 1.9065718171578108 1.9467677527019913 -3.4081576186722407 -1.371210784114483 -0.4472767159603775 ]
G [ -1.227874337229741 -1.7481501613949593 -2.9159303309150006 -4.084359536431832 -3.32543559302558 -3.8313265227555373 -4.97637685555882 -1.84361021372952 1.665258094299226 -1.084359536431832 ]
T [ -0.7921881288485788 -1.9092941874713678 -1.285143355013521 1.854223668586768 1.9155002985625469 -3.3932651505256053 -4.252230347448811 1.8163884156297212 -1.7075739692654142 1.3036443606054993 ]
>MA0081.3	SPIB
A [ -1.6274761282731272 -4.150872571217943 1.8528696763801384 -4.816059801408286 -3.903145418171997 -5.1470710010580865 -5.030426082205816 -4.613638800977012 -2.960370286864947 -2.7225731725301765 -0.43992987009191403 -1.2462677353284828 -0.6949056397426778 ]
C [ -0.06654797399133047 1.8320758654198 -3.4431310101747696 1.755383454316176 -4.834283560027193 -5.07307041961431 1.9573208403451694 1.9208303360231096 -0.5757774109515182 1.5789140562951747 -0.7795527891968851 -0.3115191871698301 -0.15922359535126707 ]
G [ -1.0762297718189406 -1.9678952273488306 -3.331064208747573 -1.4200104025097449 -5.422305860497407 -4.792114105783253 -5.459538766696382 -5.70569935396578 -1.8800872496403176 -1.5395070713997976 -3.1077478712470548 -1.6897117242291992 -1.4827079311505635 ]
T [ 1.1681024012894456 -2.9704122882505706 -2.3473292631103573 -2.220072832000993 1.9541168142016518 1.9656839943171411 -3.982216989163196 -2.7029061390740994 1.5503721610435006 -0.9516405106653516 1.3585525400989829 1.3002297769940785 1.0901263778163974 ]
>MA0687.2	SPIC
A [ 1.0966760194116738 1.6202955738334368 1.9064258846878026 1.475338009546658 -1.3171110785895865 0.8521013048876865 -inf -2.3817093232127795 1.8458768546805806 1.6542251631582698 -2.230297619421794 -0.6374299206152917 1.3616742736801188 ]
C [ -1.2889776730860756 -1.2750070474998698 -2.523561956057013 -inf 0.004817016297775842 0.27531273561223046 -2.8328900141647417 -inf -3.019193565233311 -0.976541027176011 -inf -1.5443205162238103 -0.31389077582194397 ]
G [ -0.11389096652798451 -2.2184235191335024 -inf -inf 1.2758442128851004 -0.022367813028454427 1.9286612182797376 1.7758319537737004 -inf -2.230297619421794 1.9210117038531713 -2.0418201756946273 -2.313890775821944 ]
T [ -0.9212458885855888 -1.748938235832282 -3.693486957499325 0.28630418515664097 -2.523561956057013 -inf -4.247927513443585 -1.3817093232127793 -1.8265484872909148 -2.9307373375628862 -inf 1.4706298252421612 -1.235888263820671 ]
>MA1966.2	TFAP4::ETV1
A [ -1.4598546343391665 -0.8960344677510748 -4.469522116344124 -4.231630962421267 1.8798636082201532 1.3791529635803126 -0.05069653608694888 -5.265849421440848 1.7786648854465945 -3.668175868970138 -0.3783579079437034 -2.807354922057604 -5.48854903295644 ]
C [ 0.8536721069013813 1.6581845095389736 -5.097553338957166 -3.9167576250678557 -3.751714251776135 -3.7775159411597334 -1.0263808755350778 1.926443393029919 -3.7582761004116185 -0.8302326270791107 0.6206426496603239 -1.492258860652667 -5.052449918149767 ]
G [ 0.6986491880233205 -2.3403365615351133 1.9572359517636662 1.9250379423187778 -2.680160990751101 -2.9551588557628823 1.316294297618709 -5.58777751632821 -1.4001656692176099 1.5241169455006291 0.6591167974749594 -2.2414507571521325 1.9382090351513492 ]
T [ -2.2765474209761067 -3.197824917067361 -4.556984957594463 -3.5891829670393514 -3.484610181633294 0.25939474883250035 -4.22881869049588 -2.7174127967448056 -3.106199403831925 -1.050524749542807 -3.1327459484297275 1.7181813005283593 -3.116580255569483 ]
>MA1967.2	TFAP4::FLI1
A [ 1.3893455976065499 -1.0772429989324603 -0.9074400890605582 -inf -2.6427669522440187 1.9255302167361086 1.7999993346522496 1.7349558027463696 -inf 1.9973208998041185 -inf -inf -inf -inf ]
C [ -1.8492267507853328 1.350363173849439 1.7128111616637374 -2.404983834614921 -1.6702476886661255 -3.7536147230417556 -4.812031409267077 -3.8129446037532415 2.0 -inf -5.082149041353872 1.980026976233017 -inf -inf ]
G [ -0.23090565311774558 -0.20934653493980557 -2.7147950111181625 1.9115910257782347 1.7007749557494065 -4.239041550211997 -inf -0.93562712352807 -inf -8.074141462752506 1.9893133212027525 -4.184544790715089 -inf 2.0 ]
T [ -1.9956162377668558 -3.166510337029548 -4.77368870017173 -4.352516414720785 -1.8628927666085215 -3.7536147230417556 -1.052294507442213 -3.6926503700355298 -inf -8.074141462752506 -inf -inf 2.0 -inf ]
>MA0080.7	Spi1
A [ 1.338991346842216 1.645506422268366 1.6310741531100403 -1.6066002231214251 1.7741199872364126 -2.689455509655383 -3.6969058141405897 1.9556315943347264 1.9200815767789159 -1.7879299878359867 -0.6297552409407663 -1.3990805836524296 -0.18128372528347475 ]
C [ -1.938124111800346 -2.1913956775804957 -3.4966335116022877 -1.108035974960641 -3.3417849868922307 -5.5794599427319085 -4.984043084373585 -4.586032596655395 -4.77886590540775 -1.8958655574792318 -2.8232129647612774 -2.1140790577634245 -1.1837739218815195 ]
G [ -0.2055586824966108 -1.3090669177323158 -1.3636401753189464 1.6047121346795181 -1.4485290729054596 1.9176298019639135 1.9467084834069506 -4.628821869612826 -3.8514405073418794 1.7610375893560866 -2.358567204525189 1.6647525112130102 1.132760634196612 ]
T [ -1.5475194435540338 -2.0063498640991666 -1.2332121686491329 -2.587680449536877 -3.124327037875266 -4.440764601449602 -4.7818809431631815 -4.677123201950052 -3.1863932625793145 -4.257531847844546 1.5933221157365223 -2.1893926296490234 -1.0436331879645167 ]
